0001  76.34  42.98
0002  53.95  70.74
0003  92.50   6.67
0004  15.04  20.64
0005  98.26  68.75
0006  10.47  71.92
0007  54.07  28.89
0008  74.27  40.18
0009  33.62  69.33
0010  33.72   6.44
0011  64.09  14.46
0012  30.07  52.85
0013  19.97  92.37
0014  23.72  86.59
0015  52.37  40.30
0016  69.07  17.06
0017  15.85   2.46
0018  68.62  29.63
0019  52.68   9.97
0020  48.61  93.33
0021  69.70  63.64
0022  72.40  49.72
0023  32.90  10.23
0024  86.90  34.57
0025  10.91  98.22
0026  15.91  69.59
0027  73.03  71.32
0028  75.33  19.21
0029  91.28  32.19
0030  75.76  24.47
0031  82.22  26.92
0032  41.18  95.56
0033  89.68  42.21
0034  29.71  80.30
0035  42.83  31.54
0036  45.61  74.26
0037  98.36  43.70
0038  10.68  50.05
0039  33.67  74.41
0040  81.26  26.76
0041  90.14   3.98
0042  14.29  20.92
0043  18.57  71.27
0044  58.14  36.39
0045  46.41  67.27
0046  12.94  51.26
0047  14.84  20.73
0048  75.56   8.17
0049  39.43  73.21
0050  72.91  45.17
0051  54.78  29.28
0052  80.52  16.98
0053  59.27  14.12
0054  33.04  35.12
0055  49.16  15.05
0056  33.08  15.78
0057  79.20  47.97
0058  49.26  49.30
0059  43.20   2.28
0060  15.11  11.05
0061  38.75  10.49
0062  13.21  26.18
0063  45.38  47.38
0064  62.48  77.73
0065  21.27  58.89
0066  28.16  51.27
0067  15.28  57.35
0068  18.25  52.12
0069  40.06  14.33
0070  39.05  74.20
0071  96.83  16.19
0072  39.82  67.92
0073  36.43  69.61
0074  19.82  14.30
0075  55.92  97.19
0076  12.42  26.33
0077  34.94  31.44
0078  73.02  95.70
0079  47.33   9.00
0080  74.30  25.59
0081  61.22  35.52
0082  71.16  76.64
0083  25.86  73.20
0084  53.73  85.62
0085  29.55  26.04
0086  60.70  38.93
0087  29.68  19.96
0088  35.83  86.06
0089  23.58  68.37
0090  80.88  20.02
0091  57.77  56.04
0092  70.97  35.61
0093  50.06  90.61
0094  83.07  15.24
0095  80.22  67.21
0096  90.77  27.04
0097  24.69   9.81
0098  26.20  32.73
0099  80.16  43.30
0100  36.50   2.67
0101  87.28  25.24
0102  11.78  44.41
0103  40.90  16.19
0104  14.67  58.82
0105  64.59  31.09
0106  87.90  91.59
0107  68.08  94.20
0108  84.11  63.84
0109  30.21  58.92
0110  50.17  90.50
0111  44.61  63.65
0112  29.69  82.72
0113  42.04   9.05
0114  12.67   9.21
0115  82.45  39.60
0116  62.16  55.07
0117  24.32  45.00
0118  61.30  13.82
0119  77.90  15.58
0120  45.13  91.25
0121  77.34  97.69
0122  91.47  64.98
0123  22.54  83.24
0124  74.41  47.06
0125  23.94  74.05
0126  58.19  18.17
0127  87.85  41.21
0128  57.84  26.61
0129  74.57  89.70
0130  63.62  46.28
0131  22.41  90.95
0132  74.24  75.63
0133  52.82  32.72
0134  90.91  82.17
0135  61.60   6.43
0136  79.78  57.65
0137  38.64  69.67
0138  73.23  55.93
0139  16.47  28.33
0140  24.97  22.09
0141  71.70  97.32
0142  85.24  16.35
0143  26.87  88.71
0144  10.03  72.00
0145  99.41  46.70
0146  39.47  84.72
0147  63.78  61.90
0148  30.30  71.71
0149  53.18  50.03
0150  71.26  22.51
0151  60.15  57.97
0152  39.01  98.85
0153  52.97  61.90
0154  72.57  41.95
0155  10.82  78.43
0156  10.64  39.53
0157  57.17  94.18
0158  63.30  28.94
0159  64.22  19.69
0160  11.04  53.89
0161  65.55  59.20
0162  59.11  59.42
0163  11.23  84.81
0164  85.67  17.49
0165  16.42   7.27
0166  40.39  96.56
0167  22.24  48.64
0168  38.44  82.44
0169  83.39  78.14
0170  97.38  42.60
0171  34.73  55.28
0172  26.42   3.49
0173  42.91  70.23
0174  48.10  19.76
0175  34.34  91.41
0176  77.18  14.04
0177  47.24  25.76
0178  79.50   1.42
0179  24.90  84.62
0180  11.11  64.88
0181  70.25  82.81
0182  96.71  77.20
0183  88.59  57.34
0184  57.17  24.61
0185  22.54   8.78
0186  31.24  83.70
0187  67.85  89.87
0188  23.59  82.30
0189  90.87  79.51
0190  86.98  93.75
0191  81.99  90.58
0192  63.46  86.24
0193  36.06  23.58
0194  28.30  31.86
0195  94.46  30.11
0196  10.65  83.20
0197  40.83  33.54
0198  39.49  93.28
0199  39.25  98.88
0200  13.02  15.41
0201  66.89  67.62
0202  36.85  18.72
0203  69.14   4.64
0204  52.78  78.47
0205  40.23  52.95
0206  63.43  57.86
0207  51.37  52.71
0208  99.60  40.12
0209  25.50  61.99
0210  77.99  97.16
0211  93.44  82.55
0212  69.73   5.81
0213  47.54  22.62
0214  93.42  77.99
0215  18.90  37.38
0216  45.87  75.65
0217  49.95  51.59
0218  98.30  42.06
0219  71.73  21.53
0220  45.47  61.92
0221  51.29  10.53
0222  38.05  20.51
0223  46.10  32.24
0224  56.78  26.50
0225  48.26  42.49
0226  84.58  94.34
0227  53.34  93.82
0228  49.59  38.20
0229  83.52  15.82
0230  35.85  30.22
0231  30.45  82.52
0232  13.40  32.89
0233  17.39  75.54
0234  21.83  21.97
0235  83.03  87.87
0236  91.17  53.81
0237  73.23  26.44
0238  42.84  16.66
0239  28.67  68.72
0240  97.25  50.61
0241  98.44  43.31
0242  99.17  23.84
0243  12.58  64.45
0244  94.56  61.51
0245  44.13  28.98
0246  70.26  19.81
0247  68.23  91.92
0248  65.01  42.41
0249  74.75  42.46
0250  88.07  13.65
0251  35.60  47.61
0252  38.00  46.27
0253  21.52  29.45
0254  83.87  69.36
0255  55.11  46.13
0256  36.19  26.83
0257  95.40  20.49
0258  36.51  80.03
0259  69.81  97.51
0260  93.56  37.30
0261  26.39  32.33
0262  74.99  43.92
0263  24.07  58.82
0264  46.88   6.06
0265  68.57  69.52
0266  12.85  69.36
0267  69.95  33.30
0268  42.22  97.01
0269  63.59  43.92
0270  67.11   4.41
0271  25.33  81.81
0272  69.96  24.20
0273  14.79  28.84
0274  92.20  91.29
0275  95.92   3.31
0276  16.80   4.06
0277  70.18  42.99
0278  24.08  31.87
0279  16.18  13.17
0280  32.89  75.88
0281  46.42  32.69
0282  12.02  90.13
0283  98.94   8.59
0284  96.44  92.34
0285  14.16  37.65
0286  32.96  17.43
0287  72.01  20.41
0288  80.52  20.95
0289  29.51   8.20
0290  12.75   1.81
0291  98.10  12.50
0292  75.80  66.47
0293  84.17  75.67
0294  48.23  47.64
0295  23.25  99.86
0296  97.34  73.70
0297  94.08  11.38
0298  73.81  23.76
0299  64.24  68.54
0300  41.38   5.96
0301  39.20  93.33
0302  34.78  67.91
0303  19.33  27.45
0304  13.87  82.23
0305  77.96  68.02
0306  10.99   7.82
0307  27.12  42.18
0308  26.12  36.64
0309  80.56   7.18
0310  51.83  99.45
0311  84.76  52.35
0312  39.89  82.13
0313  11.36  70.99
0314  76.99  25.25
0315  76.60  31.36
0316  89.13  34.49
0317  92.88  99.62
0318  79.74  43.43
0319  73.88  41.69
0320  89.84  67.96
0321  35.52  57.37
0322  79.84  80.75
0323  18.90  69.92
0324  48.86   3.97
0325  36.31  36.12
0326  85.88  86.84
0327  86.22  57.76
0328  15.78  16.35
0329  62.91  44.23
0330  24.40  28.14
0331  92.40  76.46
0332  44.37  77.98
0333  65.93  69.54
0334  32.50  15.53
0335  78.27  56.16
0336  68.73  17.34
0337  29.49  87.41
0338  87.67  55.64
0339  54.72  36.84
0340  50.04  95.41
0341  56.12  68.38
0342  51.50   2.11
0343  74.15  59.80
0344  66.96  39.54
0345  90.58  99.61
0346  57.37  55.85
0347  46.30  20.67
0348  27.89  60.37
0349  76.28   6.12
0350  55.45  40.33
0351  95.23  31.12
0352  19.05  36.62
0353  34.36  27.82
0354  84.21  14.92
0355  48.45  14.61
0356  84.88  61.74
0357  77.85  28.66
0358  76.48  60.61
0359  56.44  31.44
0360  36.71  14.50
0361  18.76  33.61
0362  96.04  99.69
0363  28.73  86.21
0364  99.37  33.63
0365  91.05  46.97
0366  95.74   5.65
0367  32.50   4.58
0368  41.70  72.41
0369  21.56  61.56
0370  95.24  54.02
0371  79.62  65.33
0372  47.91  52.39
0373  32.33  82.25
0374  27.86  62.16
0375  15.67  30.33
0376  53.53  88.56
0377  68.59  19.17
0378  88.90  97.70
0379  25.45  97.66
0380  55.45  12.12
0381  10.75  10.88
0382  31.79  20.31
0383  42.13   9.41
0384  45.97  21.52
0385  91.43  89.27
0386  81.91   3.47
0387  95.28  19.45
0388  70.77  72.48
0389  95.06  19.02
0390  98.34  43.05
0391  25.89  99.61
0392  14.58  66.17
0393  13.25  55.52
0394  20.45  63.33
0395  74.12  39.24
0396  27.36  37.13
0397  86.97  31.90
0398  79.81  59.20
0399  34.49   7.64
0400  65.05  65.35
